2.573386937360240267e+00
-1.183314641170166226e+01
8.672362556617423479e+01
-6.351735411202636783e+01
7.689382871384430018e+01
7.355010380327001940e+00
7.968797665459234736e+00
-1.057104991219677004e+01
6.398438286059487723e+00
6.244449510238104040e+01
-3.636583632521852394e+01
1.732725962210359683e+01
-3.675490803998236089e+01
3.697700221671053100e+01
4.064825471012420621e+01
-7.015063898317399094e+01
-8.632435958871252524e+01
3.170736891701056948e+01
-1.504917515681430018e+01
2.119206779071876667e+01
-9.103631643815108987e+01
3.373257526443174470e+01
-7.218634349384316806e+01
9.641792275028603854e+01
-7.722662943774346900e+01
-9.538965351857882524e+01
2.665574252044773118e+01
2.369521455902712148e+01
-7.734291174463905350e+01
9.904188539673833702e+01
-4.096017009229240102e+01
7.179629744895433419e+01
5.341004735212254673e+01
7.839070393249903645e+01
9.561591912567095619e+01
-1.215258345504388160e+01
-8.995822334462371828e+01
-3.713420869136871971e+01
7.178842278809941035e+01
7.415236352146169452e+01
6.379876013701237980e+01
-2.641425656994380233e+01
-5.460549991539880210e+01
-8.470500787911419138e+01
-4.676907835620951914e+00
-2.260201646925125374e+00
-5.365909079338735665e+01
3.333146518631551203e+00
-2.941309996621983203e+01
-8.728506034266800384e+01
-6.072043524899828526e+01
-6.080395420847935384e+00
-9.313952613604314479e+01
-3.424198239692486823e+00
1.810187909708325549e+01
-5.469177649714285394e+01
8.444711798165613459e+01
-8.571038472788677609e+01
6.797917918168997176e+01
7.584612883723193022e+01
4.433620877431408758e+01
4.455230525628641658e+01
-7.190834171692458199e+01
7.848992917407662162e+01
1.819701905238315476e+01
-4.780664655496775595e+01
-8.677815853667780743e+00
-8.420935861617797968e+01
2.876835144482623718e+01
-6.778805649448446502e+01
-3.524016274770602308e+01
8.142559501046332571e+01
-9.488570529785000929e+01
1.087458005568871044e+01
1.333706665660901081e+01
8.320037079566523630e+01
5.971917941524216644e+01
4.081724201080371017e+01
-5.066177824343087366e+01
6.132856870811602334e+01
-7.390105668563917618e+01
-9.966700352002092700e+00
-7.251021357435519121e+00
-4.047805520003950619e+01
5.722799059293026858e+01
-8.603986778796550539e+01
3.039078620281452459e+01
-1.542479466605935556e+01
1.061020548664184560e+01
9.991083806634185294e+01
3.400307360507230214e+01
2.468696460487016964e+01
3.468693989178166248e+01
-4.875982009734769207e+01
5.982022512434008377e+01
7.898886743212185024e+01
4.296839926790624986e+01
6.839429452792066400e+01
-9.950879257016762836e+01
-9.553492440136892583e+01
-3.428072036420111601e+01
-9.193438693620464619e+00
-5.336798157341207371e+01
7.621822645138146868e+01
5.602961631698264000e+01
4.957489326922706141e+01
1.294442875303988671e+01
1.726870290213994963e+01
7.311942477727637879e+01
-9.231764334882781498e+01
-6.609763834997679055e+00
-8.129580308999251770e+01
-4.157679124877768828e+01
-2.990095669462023409e+01
-3.966748317369908250e+01
8.846159563034734674e+01
8.235771118222001519e+01
-2.966376779550773790e+01
3.850153011994393637e+01
-4.580476543530566857e+01
-4.214568329850722961e+01
9.493566241864192534e+01
1.969111583963145051e+01
-2.339195451076960808e+01
-3.973786433992205502e+01
1.521284008477266525e+01
9.291261569810075116e+01
-9.355097330792656862e+01
-6.012437057542913976e+01
2.998720860070406502e+01
1.469309690120024925e+01
-8.482636329348596860e+01
-7.065344806896318630e+01
2.287128032353736273e+01
-5.860997090766686313e+01
-3.348997545644658658e+01
2.209071242834825455e+01
6.966165573971224489e+00
6.069078994437487040e+01
-6.399881265970346078e+01
1.556134744329270347e+00
-6.014581012312717689e+00
5.217573821047949423e+00
7.370828126219407750e+01
-3.727043112457408824e-01
-4.963437170269051535e+01
-2.843258201116051964e+01
5.569490337216473108e+01
9.689101449711304781e+01
9.919479023772331061e+01
9.277305604954946716e+00
-9.357345791157084136e+01
-6.154786883845058298e+01
1.960406010270054367e+01
-2.945698297384164732e+01
6.109331764115395913e+01
-7.427467461540317117e+01
4.573159804022637331e+00
4.198727377389835169e+01
2.442469940153810626e+01
5.277627246304820119e+01
-7.090209862665716400e+01
6.224041402174376003e+01
-1.158189296545297964e+01
1.156521724120887029e+01
4.242293293867913917e+01
-2.832324220895876010e+01
-4.068214972021899456e+01
-3.127267181321559519e+01
-7.320171595431537526e+01
-1.412075535414459182e+01
-4.042555542490782017e+01
6.871389533975062136e+00
4.870255300073753801e+01
1.972556801056558129e+01
-8.502690427953743324e+01
6.222961381253057311e+01
-2.912777258820422333e+01
-6.557037474075571026e-01
8.214308177747574291e+01
6.416884065977660612e+01
-9.442425405332441812e+01
5.709082441774299355e+01
3.033764659658180562e+01
7.616672818469859862e+01
2.799132804245965644e+01
3.041895718516263969e+01
8.487279218727795183e+01
5.184000304259632230e+01
-4.706176209580752356e+01
7.320236598200466460e+01
-5.529907824619048995e+01
6.953943737832543093e+01
-3.189779522694735192e+01
-6.406937683778383530e+01
-9.127623592280542653e+00
1.913789339604488760e+01
-1.768803396496385005e+01
-8.822958780069451734e+01
7.696161431429510458e+01
